=0
L 0 .5 1 1.5
L 1 1.5 1 .5
A 1 .5 0 .5
L 0 .5 0 1.5
A 0 1.5 1 1.5
=1
L 0 1.5 .5 2
L .5 2 .5 0
=2
A 0 1.5 1 1.5
L 1 1.5 0 0
L 0 0 1 0
=3
A 0 1.5 .5 1 .5 1.5
A .5 1 0 .5 .5 .5
=4
L 0.75 0 .75 2
L .75 2 0 .5
L 0 .5 1 .5
=5
A .5 1 0 .5 .5 .5
L .5 1 0 1
L 0 1 0 2
L 0 2 1 2
#A 1 .5 0 .5
#L 1 .5 1 1
#A .5 1.5 1 1 .5 1
#L .5 1.5 0 1.5
#L 0 1.5 0 2
#L 0 2 1 2
=6
A 0 .5 0 .5 .5 .5
L 0 .5 0 1.5
A 0 1.5 1 1.5
=7
L 0 2 1 2
L 1 2 .5 0
=8
A .5 1 .5 1 .5 1.5
A .5 1 .5 1 .5 .5
=9
A 1 1.5 1 1.5 .5 1.5
L 1 1.5 1 .5
A 1 .5 0 .5
=A
L 0 0 .5 2
L .5 2 1 0
L .25 1 .75 1
=B
L 0 0 0 2
L 0 2 .5 2
A .5 2 .5 1
L .5 1 0 1
#L 0 1 .5 1
A .5 1 .5 0
L .5 0 0 0
=C
A 1 .5 0 .5
L 0 .5 0 1.5
A 0 1.5 1 1.5
=D
L 0 0 0 2
L 0 2 .5 2
A .5 2 1 1.5 .5 1.5
L 1 1.5 1 .5
A 1 .5 .5 0 .5 .5
L .5 0 0 0
=E
L 1 0 0 0
L 0 0 0 2
L 0 2 1 2
L 0 1 .5 1
=F
L 0 0 0 2
L 0 2 1 2
L 0 1 .5 1
=G
L .5 1 1 1
L 1 1 1 .5
A 1 .5 0 .5
L 0 .5 0 1.5
A 0 1.5 1 1.5
=H
L 0 0 0 2
L 1 0 1 2
L 0 1 1 1
=I
L .25 0 .75 0
L .5 0 .5 2
L .25 2 .75 2
=J
L .5 2 1 2
L 1 2 1 .5
A 1 .5 0 .5
=K
L 0 0 0 2
L 1 2 0 1
L 0 1 1 0
=L
L 0 2 0 0
L 0 0 1 0
=M
L 0 0 0 2
L 0 2 .5 1
L .5 1 1 2
L 1 2 1 0
=N
L 0 0 0 2
L 0 2 1 0
L 1 0 1 2
=O
A 1 .5 0 .5
L 0 .5 0 1.5
A 0 1.5 1 1.5
L 1 1.5 1 .5
=P
L 0 0 0 2
L 0 2 .5 2
A .5 2 .5 1
L .5 1 0 1
=Q
A 1 .5 0 .5
L 0 .5 0 1.5
A 0 1.5 1 1.5
L 1 1.5 1 .5
L .5 .5 1 0
=R
L 0 0 0 2
L 0 2 .5 2
A .5 2 .5 1
L .5 1 0 1
L 0 1 1 0
=S
A .5 1 0 .5 .5 .5
A .5 1 1 1.5 .5 1.5
=T
L .5 0 .5 2
L 0 2 1 2
=U
L 0 2 0 .5
A 1 .5 0 .5
L 1 .5 1 2
=V
L 0 2 .5 0
L .5 0 1 2
=W
L 0 2 0 0
L 0 0 .5 1
L .5 1 1 0
L 1 0 1 2
=X
L 0 0 1 2
L 0 2 1 0
=Y
L 0 2 .5 1
L .5 1 .5 0
L .5 1 1 2
=Z
L 0 2 1 2
L 1 2 0 0
L 0 0 1 0
=-
L 0 1 1 1
=+
L 0 1 1 1
L .5 1.5 .5 0.5
=/
L 0 0 1 2
=*
L 0 .5 1 1.5
L 0 1.5 1 0.5
==
L 0 .75 1 .75
L 1 1.25 0 1.25
=_
L 0 0 1 0